99
2525 1
2400 5
300 2
120 60
60 90
37831168 1
30477102 6549
634231878 1
183927011 533
346011637 1
1151700 2856
954159925 1
637956871 5651
507311070 1
476463619 7247
152011418 1
73924494 4698
393051718 1
7417837 1664
60858774 1
30850877 114
966505610 1
231608797 7176
688534030 1
61885305 4111
161746389 1
79778007 8178
205760960 1
199471512 4482
720301057 1
568657776 5885
207571737 1
50224916 5996
975027528 1
423646096 7144
328089019 1
70985207 6594
434302044 1
157693723 3719
1000000000 1
1 1
855736039 1
440878463 5995
16115577 1
8828817 654
181470523 1
51702431 3086
342227738 1
21364773 3373
413176651 1
84665581 353
830069280 1
274092902 2961
309030295 1
112466102 9006
657668464 1
206693742 1950
402609895 1
151896509 143
549571818 1
459450762 7872
156784647 1
12831994 5995
707764402 1
668136448 1733
175155451 1
154997352 3118
427387713 1
154416753 1900
954170222 1
697793593 8256
739675346 1
569744426 5891
1000000000 2
999999999 2
999999998 3
96671628 1
88350785 9502
1000000000 2
200 10000
100 10000
621089005 1
59676791 1782
992435275 1
262934922 1563
318966388 1
168556789 8434
685631352 1
613191221 9875
1000000000 1
999999999 1
509601365 2
204284261 1659
486575709 6745
464387941 1
456461918 1064
844162761 1
81863588 7677
437912745 1
163468885 854
174460177 1
63236787 582
149753845 1
85605035 2086
573416237 1
3310409 7489
1000000000 2
999000000 10000
998000000 10000
650441207 1
482007958 9030
796088408 1
319031076 438
721487589 1
567338042 9600
363208717 1
121634743 8334
669288579 1
339691536 5504
1000000000 1
999999999 10000
890922361 1
656134336 1302
981058501 1
703468114 1782
642059799 1
602855906 4162
247595582 1
7707161 2777
1000000000 1
1 10000
634047364 1
120259743 1565
172023562 1
44808899 8485
620589891 1
530234711 4496
934107126 1
845242891 9835
468993903 1
237253335 1960
1000000000 2
12345676 2
12345675 3
806152950 1
420449501 8626
2 1
1 10000
388259084 1
386947071 3367
851874275 1
37780703 4711
577694208 1
292496110 4380
428697120 1
416813830 6734
200000 2
5001 1
5000 2
82468232 1
46422002 5630
554411381 1
534913465 7568
1000000000 2
999999998 2
999999997 3
1000000000 2
1 3
2 2
507032705 1
67166399 3174
1000000000 2
999999997 2
999999996 3
2 1
1 1
228866600 1
16051538 597
480336723 1
124928694 7575
456781671 2
204075528 9215
248991832 2592
993510176 1
86642019 8577
1000000000 2
998000000 1
999000000 1
191635507 1
26994629 5918
543439668 1
61118632 9217
270652856 1
45132831 3208
779698170 1
561985773 8133
556705235 1
431201654 566
415124308 1
304412267 8183
41382064 1
756174 9654
240181201 1
95224451 7690
551581152 1
22935297 1206
14048074 1
1156982 2519
233099182 1
80307174 2053
