100
2 1
100 20
200 10
2 2
100 20
200 10
3 2
100 10
100 10
100 10
4 2
9 3
7 1
10 1
8 4
8 6
13031 22
3487 367169
3736 373911
3010 324212
18462 69
3466 353671
3245 326541
3339 348647
7 2
158002 597073
322128 292861
457975 205991
235848 399998
444248 212356
283451 332822
322150 292841
3 2
31031 327672
152334 66748
76167 133496
10 6
381502 613680
886288 83521
709017 402191
919712 35724
539158 505337
717256 219180
752580 885441
890922 601214
226885 274510
594233 922716
7 3
3325 319202
3669 300765
16565 54
3094 330826
17703 40
3322 363803
3243 348550
5 2
3112 323342
3841 346996
18947 1
3906 344227
19652 63
10 6
3960 335254
12173 34
13366 18
18828 30
3039 335178
3467 365674
3352 312115
3507 307911
3529 356343
3099 384373
10 7
3733 399305
13873 52
3532 382101
17487 46
3521 343585
3276 315060
17064 60
3782 339965
3874 381449
3069 314585
6 4
403788 20646
17094 487692
259578 32116
64676 128898
706552 11799
151404 55062
2 2
51471 384744
243294 81396
8 5
178227 266104
540792 87699
765049 61992
154008 307951
158286 299628
480438 98716
573426 82708
144072 329189
10 6
255816 17871
48433 94392
29526 154836
5474 835164
69768 65527
873126 5236
12852 355718
6783 673992
354312 12903
31977 142968
2 2
267976 47817
158424 80883
10 7
3389 326289
11101 55
3977 368462
3289 317294
3337 374743
10460 47
14421 79
3652 357007
3679 315507
3377 355142
10 4
240552 326400
434134 180857
534651 146855
876639 89565
534651 146855
691200 113594
100930 777927
750769 104581
130735 600575
113594 691200
9 5
367518 189856
221506 315005
653243 106814
211357 330131
536219 130125
191418 364519
169220 412336
143235 487140
505034 138160
4 2
571335 734443
766667 417119
884301 855547
694534 877672
4 1
215836 41
24812 2167
22351 2461
28314 2678
9 5
23290 2604
28109 2029
20337 2597
298339 61
24589 2074
251277 92
26858 2681
27532 2465
21459 2873
7 1
12973 59
16134 86
3888 305252
3459 363247
3838 367986
3413 330837
3641 320465
5 3
3335 300012
12659 72
3882 328577
15395 45
3761 396829
3 2
589589 6264
630344 5859
53196 69426
2 1
3859 327143
15266 53
8 5
667368 22533
96348 156078
428904 35061
38628 389298
265512 56637
56637 265512
27144 554001
59892 251082
5 3
686410 121632
125045 667675
123366 676762
189191 441297
89076 937283
6 4
60372 615902
496392 74907
195693 190008
437697 84952
382284 97266
680862 54612
10 6
31304 163647
157586 32508
22446 228228
875394 5852
23142 221364
7826 654588
31863 160776
60291 84968
9828 521246
22059 232232
4 2
570345 783721
367934 758916
25654 970399
77820 400477
4 1
601941 628192
331182 834897
42703 306401
245882 144211
7 4
10162 22
3945 326290
3660 364396
3902 308753
16201 9
3761 330684
3722 396379
7 1
931175 496849
343223 735188
298228 682519
679255 298136
53793 949571
17874 95198
871169 829944
4 3
290611 398501
993445 357729
264573 961605
612375 316065
6 2
298677 71
22520 2311
22692 2908
26986 2538
265837 66
20264 2841
9 4
24415 2601
21462 2412
29022 2176
216839 67
23411 2391
20073 2550
285820 11
29224 2872
21358 2521
7 3
310257 341783
74835 195170
25550 629643
166552 205451
888242 262084
240594 665104
551198 438160
2 1
14947 89
3203 312521
3 2
960006 623592
393945 600798
303112 940652
3 2
526052 121492
999470 63945
618054 103407
3 2
206074 27972
130152 44289
436392 13209
9 4
3893 313546
3548 390941
3581 391945
3823 311782
3560 333517
3346 330037
3432 377961
14323 67
16930 98
9 2
262543 62
29168 2643
20305 2102
27233 2874
224855 86
29440 2846
27927 2672
24641 2876
22428 2332
6 4
162834 636388
470158 31746
678153 285204
952466 304184
33774 718602
650206 497982
8 4
18882 95
3348 330891
3561 358104
3948 371618
3837 339192
11064 55
3767 361668
3042 366149
3 2
27404 573426
493272 31857
24087 652392
10 2
89500 254725
151913 150072
155752 146373
601702 37889
26475 861110
26304 866708
366237 62249
48401 471021
143559 158805
176221 129371
7 4
20187 2745
28496 2475
245998 65
20043 2562
263906 60
22582 2486
27957 2484
3 1
3935 312346
3741 389347
17078 42
8 3
275957 2
25162 2829
24202 2472
28675 2455
27311 2227
286335 71
24151 2585
29964 2866
5 2
25614 2977
23688 2177
24240 2462
282180 22
291553 1
10 6
410000 241129
232048 426045
482258 205000
685396 144242
115798 853753
119591 826675
883509 111898
123141 802843
106684 926689
734134 134666
4 2
119611 524617
627042 171696
527415 322704
352815 435033
1 1
1 1
5 1
384550 396815
771812 262975
392053 309274
845703 956623
541020 630938
4 2
205236 267178
108781 504082
62123 882677
203547 269395
9 6
28981 2051
24856 2182
29874 2029
26991 2982
207353 41
27343 2382
25347 2052
24193 2579
227715 90
3 2
295926 124236
85914 427924
254388 144522
7 5
490184 194263
258707 368079
729009 130622
755583 126028
459869 207069
95255 999681
944698 100799
2 2
92701 343656
206312 154413
3 1
26966 2488
222695 26
29314 2359
7 5
12015 19
3913 399008
3731 399781
3142 393043
3414 315783
3466 367915
19188 22
6 3
268652 76
27690 2017
285683 23
29490 2179
22530 2415
24432 2676
3 2
716215 345171
60302 324868
888940 609948
3 1
23630 2638
22364 2163
254926 16
2 1
316252 190317
198539 759305
3 1
82060 584793
585121 82014
114927 417553
10 2
3654 358496
3184 329577
13024 40
3973 318746
14850 57
3323 350990
3282 374024
19793 96
3213 392672
3234 384004
8 3
26948 2103
270655 82
23038 2554
26769 2509
298583 51
23920 2609
29529 2868
24917 2982
8 5
391386 226548
320292 276834
307951 287928
663462 133644
147963 599256
180264 491877
270396 327918
888552 99789
8 4
522735 168368
95338 923156
416427 211350
233486 376947
698479 126005
137651 639384
139491 630950
983087 89526
8 5
16254 889372
66584 217107
149814 96492
21199 681912
65016 222343
23001 628488
20706 698148
169592 85239
2 1
463709 894963
605965 92298
8 5
481299 64728
49938 623844
36859 845208
389064 80073
113477 274536
160146 194532
304668 102254
83979 370968
8 3
345566 268753
186950 496774
243331 381669
499161 186056
93475 993548
204913 453226
159434 582510
230220 403405
2 2
144781 274536
274536 144781
9 5
67394 561278
448280 899187
777851 519496
16931 46957
467987 721762
828284 410798
218695 212347
155803 177320
854941 581696
6 2
490185 153121
151634 494992
463920 161790
85866 874125
104784 716308
109890 683025
10 6
23766 2954
25538 2212
238342 35
29142 2940
277960 5
27505 2151
23171 2791
24973 2506
20942 2746
227592 98
10 3
240750 27
23176 2173
23018 2725
22157 2596
27886 2875
20452 2904
27516 2490
275418 18
251057 82
22816 2181
9 6
952180 552080
295156 976770
361904 819394
103319 155129
368942 83676
209613 136000
980021 736417
683330 63325
67734 225773
8 5
20837 2269
294767 24
20475 2365
276457 69
27933 2732
28207 2323
28479 2723
29411 2018
3 1
540697 910420
261214 910444
481815 568110
9 6
24033 2040
24559 2810
28017 2074
26961 2028
221721 61
269164 79
20347 2634
26194 2375
28129 2173
5 3
463003 591006
188789 571603
856058 61913
912613 784637
234254 576797
8 2
654987 877598
85445 658704
775160 868914
482393 322566
362446 849371
879573 698795
135693 208929
111133 376306
6 4
38894 590162
317994 72183
55336 414807
182814 125558
42743 537018
945027 24289
10 10
1000000 1000000
1000000 1000000
1000000 1000000
1000000 1000000
1000000 1000000
1000000 1000000
1000000 1000000
1000000 1000000
1000000 1000000
1000000 1000000
9 4
360620 78039
224990 125083
218204 128973
191685 146816
688466 40877
614705 45782
85956 327405
815179 34523
31172 902811
4 3
3518 349874
3221 328920
3488 300866
16925 47
2 1
934941 35525
72963 455214
4 3
933937 95658
651564 137114
241726 369586
750681 119010
6 1
55814 418475
50175 465506
558801 41798
60527 385890
187781 124383
53051 440270
2 2
792396 11438
19228 471366
7 3
421537 200019
533804 157952
533193 158133
911380 92514
212993 395860
923802 91270
296276 284584
3 1
14062 70
3292 391162
3556 326577
4 2
265118 2
29070 2009
24187 2572
21543 2731
4 2
3571 308214
3952 352845
15747 85
3785 328580
