100
2 1
100 20
200 10
2 2
100 20
200 10
3 2
100 10
100 10
100 10
4 2
9 3
7 1
10 1
8 4
10 5
753861 445373
36222 966119
340111 292659
404648 69259
641036 102769
672515 325903
731507 331511
123509 681211
241076 253642
30463 232990
4 3
662945 81848
108299 501027
611671 88709
329216 164818
9 5
42312 302841
201894 63468
222138 57684
498456 25707
48708 263074
35112 364941
243294 52668
14706 871332
17138 747684
8 6
13541 46
18886 88
3804 346565
3602 302439
3533 311246
3222 343891
3486 353505
3855 325080
4 1
25227 2219
203017 76
25413 2359
24775 2488
7 2
29362 2562
24566 2954
21607 2319
205003 60
27048 2092
27690 2141
298554 7
8 4
41376 602355
51974 479529
110360 225834
145401 171409
389855 63929
49675 501722
720694 34582
31696 786315
5 2
3188 315801
12975 57
15937 13
3336 357210
3316 312834
6 3
3836 363295
3533 384551
19116 58
3731 385832
18427 20
3558 395683
6 4
761234 828455
332487 294210
448054 476518
400663 631326
811524 209273
411987 801901
3 2
42966 121524
132184 39501
18942 275652
9 5
298452 19314
5916 974358
151844 37962
447678 12876
11781 489288
35496 162393
282744 20387
309111 18648
669256 8613
2 2
629391 21528
122808 110331
3 2
276570 66
20183 2713
20902 2992
7 4
27027 229448
946473 6552
63756 97266
18837 329208
8294 747684
53592 115713
8729 710424
5 3
756435 330751
211696 172699
479289 198186
928056 344070
59766 533190
5 1
236798 329213
966686 488473
668451 985853
282127 969802
534052 451227
10 6
488376 15457
538356 14022
186354 40508
485112 15561
57681 130872
98154 76908
63427 119016
813276 9282
131733 57304
453492 16646
7 5
500022 194444
102516 948401
583353 166668
666367 145905
145379 668778
576470 168658
115398 842530
10 7
239036 847545
604152 393758
393856 980147
724157 834144
250771 184464
655301 422790
162938 957657
33929 696676
533118 422122
562497 818096
8 3
3586 304515
3342 356546
3899 313609
3230 317849
18142 94
3043 339988
3133 302552
15110 30
10 10
1000000 1000000
1000000 1000000
1000000 1000000
1000000 1000000
1000000 1000000
1000000 1000000
1000000 1000000
1000000 1000000
1000000 1000000
1000000 1000000
8 3
248209 401422
432501 230373
680387 146441
637972 156177
689059 144598
506093 196874
382670 260372
379211 262747
8 4
844711 22632
31199 612760
54397 351444
43000 444593
26998 708108
31786 601444
63421 301438
93643 204153
2 1
302364 509865
439377 854897
2 2
45144 191429
616968 14007
2 1
11333 90
3267 333089
3 2
3060 344635
3763 324586
19518 59
4 1
3597 344655
3998 336208
3858 349476
14018 100
2 2
184667 150552
106764 260406
4 1
26404 2762
29915 2402
20444 2242
249929 55
2 2
8866 747684
172172 38502
10 6
12185 1
3529 312063
3658 333535
3845 309640
13505 49
17571 34
3337 399314
3278 329046
3801 369083
3040 381015
2 1
623366 143494
303643 294587
4 3
3183 338780
3931 343374
14336 15
3154 308179
5 3
59202 27132
3588 447678
28842 55692
51612 31122
99484 16146
3 1
252995 137066
112864 307246
97943 354053
2 1
53794 878668
827925 57091
9 4
27965 2496
20173 2750
20181 2911
27151 2369
280881 86
22601 2841
25114 2230
26024 2150
231595 70
9 2
108420 155541
70731 238421
79326 212588
29619 569356
462084 36495
187348 90013
337863 49913
19286 874404
82515 204372
6 3
513523 95980
391171 126001
116641 422561
106746 461731
50997 966487
272817 180663
4 1
568071 112423
235981 270633
123025 519116
391373 163180
2 1
3376 699080
890473 716415
8 4
237077 956462
936517 37831
572082 135550
545291 196425
462276 570556
273767 709374
948476 890447
240041 186708
7 5
20830 2062
28438 2453
22763 2312
28369 2403
284051 73
280856 99
25365 2892
5 3
988165 950401
537857 324703
422498 130148
179283 7196
686575 539157
1 1
1 1
4 3
19778 363636
33176 216783
36828 195286
29822 241164
6 3
24485 2381
22397 2628
27867 2484
228176 47
263629 53
21865 2576
3 2
389298 54612
184667 115128
226044 94054
5 3
89741 521388
581743 804735
566868 431729
7427 904899
693012 124393
4 1
430269 95932
112739 366125
413423 99841
67933 607607
8 5
316018 798134
957457 96854
78840 457055
564971 551313
678841 669076
271567 663006
50053 796818
532555 343485
5 3
666414 29716
98728 200583
373842 52972
178296 111069
333207 59432
7 4
903212 709226
895543 428802
415071 664539
542354 617658
806565 440323
819515 307248
423287 214543
9 2
128797 235700
247412 122700
989648 30675
721611 42069
189987 159787
211125 143789
650819 46645
337425 89968
161802 187621
4 2
138649 182551
139692 181188
801346 31585
200262 126387
4 2
25366 2831
23923 2837
26371 2097
298632 76
5 2
3124 374834
3030 395590
13784 54
3060 360821
11950 39
2 2
31857 783288
66748 373842
2 1
27409 2186
239563 69
3 2
3372 350725
3835 395741
16180 51
2 1
526498 156999
114411 722480
7 1
204932 98
24950 2690
22113 2187
21702 2900
22742 2504
28905 2664
291538 26
9 5
573590 693337
903532 379661
543309 810647
439202 442944
999537 790533
604445 982975
954980 45667
249570 645068
558046 495234
5 3
26486 942732
205884 121278
44118 565964
599256 41667
99876 250002
10 4
3352 359581
3836 365637
11212 30
14880 92
3072 333511
3271 346130
3959 393624
3487 386146
3980 358554
17088 9
3 1
690186 209864
175745 185466
175016 26889
5 2
18584 14
3573 398317
3697 380430
19537 41
3629 383178
7 4
32223 582053
458267 40927
24788 756636
158440 118376
25820 726394
166041 112957
433944 43221
2 2
521246 12852
26334 254388
5 1
90870 536492
329399 441102
879674 230919
333203 16777
136599 26504
5 1
272490 63
20710 2297
280072 93
22139 2143
20282 2254
9 6
24938 2444
276385 88
27909 2124
24995 2519
28427 2174
24103 2337
26107 2230
202060 95
26260 2553
4 2
18652 7
3640 306491
3174 385115
3449 395812
9 5
33966 391468
30668 433566
257796 51578
324632 40959
155992 85239
376216 35343
162316 81918
62271 213528
113553 117096
9 2
3655 387878
3410 325715
17841 97
3267 347231
3399 382414
3146 310384
3232 364371
19722 84
3229 373650
2 1
3993 366820
13674 77
5 2
427761 74644
931903 34263
676622 47190
69827 457270
75726 421649
9 6
587285 982534
183592 445453
549116 975733
22336 861913
175747 698575
130186 434520
279574 647843
664867 7026
972426 263339
4 3
716592 547287
56802 597242
174905 225042
806129 579179
8 5
586296 631427
749323 163272
216816 123248
394087 374448
858892 915863
91054 283723
960243 868341
666946 943001
4 3
93912 299367
29016 968919
113477 247752
970424 28971
2 1
989216 328523
71635 116023
10 3
259896 22
260809 71
28890 2094
27338 2389
207424 4
26828 2524
29823 2935
20687 2162
21934 2326
29931 2916
9 6
24112 2107
23652 2594
24187 2938
22191 2879
25541 2195
24078 2734
25322 2098
272105 73
240614 60
4 2
29375 2829
22282 2616
210785 6
27084 2849
10 5
22636 2234
20202 2518
25299 2668
271530 21
27963 2184
27650 2324
26326 2229
239710 98
24341 2322
229522 78
8 5
23174 2112
224498 8
225777 9
29887 2263
25074 2597
20104 2353
26385 2872
27598 2952
2 2
17316 377454
316008 20683
10 3
3562 317295
3859 383243
3029 321153
3902 362339
3462 366930
10459 60
19205 14
3118 377300
3858 342442
12855 54
7 5
3799 305786
3939 380615
3518 352158
3510 388560
11370 31
3404 345273
18838 46
8 3
97369 730566
563687 126195
230062 309197
124726 570326
327629 217119
761709 93388
141703 501997
362807 196067
7 1
3940 300367
18895 11
3430 363985
3560 310799
10745 50
3927 301398
3754 343032
9 2
21010 2605
26940 2609
260476 2
205428 93
20896 2371
24959 2284
24393 2979
23818 2729
21758 2252
4 2
103363 667394
76857 897561
268475 256947
247842 278338
