100
2 1
100 20
200 10
2 2
100 20
200 10
3 2
100 10
100 10
100 10
4 2
9 3
7 1
10 1
8 4
8 5
27092 2187
282259 85
26223 2190
21666 2761
21724 2579
26892 2625
20014 2275
263662 74
6 1
232153 73
20846 2569
23187 2204
25652 2771
29406 2462
260343 9
2 2
206312 89397
629391 29304
5 3
580249 171015
894196 78963
719728 275291
767791 696199
67704 555223
6 2
21963 2022
27091 2873
210738 81
297673 18
27483 2242
29755 2005
8 5
424908 16926
502164 14322
102564 70122
15873 453096
245427 29304
679644 10582
227106 31668
14322 502164
10 5
132394 572243
168939 448455
492883 153711
83748 904637
274804 275693
93991 806051
79619 951551
624014 121410
937608 80803
134569 562994
2 1
3521 316415
17307 16
2 1
281870 75
29567 2689
3 1
3825 350608
3998 321323
16148 19
6 1
112826 702561
191795 413291
187528 422695
554060 143066
394062 201154
142329 556929
10 6
3938 322079
3097 351764
10099 58
3919 378558
3619 373101
11843 52
3324 355245
3380 375628
3552 317612
11376 96
7 3
29172 2942
28144 2483
25622 2148
247506 38
25266 2555
21843 2558
295940 58
10 6
25051 303584
995058 337726
794621 841966
429518 493965
731374 374973
194371 975652
873406 894159
608424 501992
868275 520637
84158 635865
4 1
210000 3
22227 2017
27073 2265
25013 2409
10 2
3606 391848
3496 327219
3846 388191
3525 393825
14400 50
14839 42
3039 346045
3023 328680
11395 74
3069 316911
5 3
158424 95589
206271 73416
47601 318136
249228 60762
273429 55384
9 6
441595 197302
102470 850274
936312 93054
259807 335355
192184 453355
258230 337403
239472 363832
755005 115400
727664 119736
4 3
60543 543040
803472 40919
602214 54594
44412 740279
5 3
496347 140053
289155 240407
576380 120606
743976 93437
137007 507382
7 5
611565 157612
354246 272099
616387 156379
598116 161156
833362 115664
589080 163628
165939 580876
3 1
3559 371820
3615 388275
18243 94
2 1
528615 406510
537172 262630
7 3
204261 519595
356708 661728
958337 526323
113799 297989
107666 441731
67637 8508
333832 923417
1 1
1 1
4 3
311282 304406
949515 811506
625033 918966
892955 536231
10 7
236609 112160
40172 660611
225166 117860
67401 393734
32655 812680
178887 148351
261240 101585
237937 111534
911867 29103
128462 206583
9 3
292906 49
24822 2763
24295 2331
22238 2926
27224 2062
27765 2441
28231 2451
20826 2696
205780 15
2 2
118104 364941
391386 110124
7 5
22431 2698
25699 2904
28592 2038
298348 18
267850 36
24573 2304
20361 2554
7 4
14652 476238
227766 30636
520812 13398
47212 147798
106227 65688
35496 196581
321678 21692
9 5
28178 2885
23634 2786
25188 2027
24588 2119
20262 2065
256036 71
232418 8
20845 2332
22271 2687
10 6
29042 2686
29897 2979
25978 2911
224578 70
243319 57
21426 2040
24648 2012
29842 2354
295334 42
24090 2555
7 3
52698 681340
403643 88953
230447 155807
53375 672698
587359 61130
120156 298822
804816 44613
6 3
574833 831519
688318 354251
279473 583611
715675 872780
16709 25140
185655 424717
5 2
3833 332690
10979 62
3225 314555
11533 20
3904 317945
6 4
204508 321678
111069 592296
197432 333207
615902 106812
567686 115884
74907 878232
5 3
3242 352150
10735 31
3556 335223
14292 44
3370 309188
7 4
10998 32
3948 348473
3479 324650
3942 334373
13078 62
3246 321175
3752 337567
2 2
194532 74214
471366 30628
9 2
280613 249133
256969 272056
969746 72091
338298 206652
257957 271014
798068 87599
168094 415898
70939 985494
394802 177076
5 1
506742 317638
421719 640691
130275 806263
765196 49281
821855 30818
5 2
267630 75
25281 2228
228229 77
20418 2757
23990 2409
5 1
505053 470101
216358 410889
656302 60026
132760 654963
576310 415700
5 1
724214 457286
569434 614972
493065 87993
25200 333227
714644 600193
5 3
125991 303807
486458 78685
430465 88920
100105 382368
116536 328456
5 1
90586 326243
66383 445190
46765 631948
88261 334837
193952 152373
8 2
933130 89612
60237 635255
689120 980648
634163 183540
898990 815059
600391 458096
47717 356162
306203 142078
8 4
150664 347470
461293 113488
179371 291860
56854 920801
76569 683713
756608 69192
674160 77654
57416 911788
8 4
745499 82835
66888 923236
99286 621975
443634 139199
262354 235382
99060 623394
67976 908459
145582 424183
5 3
315018 99876
460143 68376
920286 34188
130462 241164
424908 74046
10 6
3128 315755
3477 330383
3211 358878
3787 357538
3809 318716
3707 301717
11672 58
10363 40
12401 10
3009 303544
9 5
539994 25308
200466 68172
124488 109779
18648 732849
362748 37674
19656 695267
64584 211603
719992 18981
954408 14319
2 1
517528 105165
558311 97483
5 3
132804 60762
80104 100737
49569 162792
14022 575484
19516 413478
9 6
264427 95289
721212 34937
257401 97890
137231 183610
92797 271528
92249 273141
114649 219775
330604 76215
480886 52397
3 1
20317 2496
233129 28
21566 2977
5 3
168264 102641
107844 160146
47601 362824
257796 66994
83886 205884
4 3
144418 484548
502112 480704
724186 819917
924270 193684
6 4
37884 243846
173052 53382
44919 205656
289788 31878
316008 29233
359898 25668
4 3
245014 42228
17802 581196
17028 607614
16632 622081
9 6
3757 399302
3656 383296
3436 377652
3412 378720
17551 66
10789 98
3729 373725
3597 360920
3270 331476
5 3
178227 76024
67252 201474
89913 150696
50232 269739
140868 96186
5 3
3906 320123
15047 77
3133 323187
10040 24
3665 333495
6 4
409479 10296
32708 128898
333333 12648
313131 13464
63492 66402
7854 536796
5 3
23435 2205
26047 2361
290892 11
272947 55
27900 2705
8 4
3098 312118
10385 55
3383 386848
3298 330141
3886 315293
3417 349919
3702 375721
15272 97
3 1
978298 561993
836733 865355
946771 936207
10 10
1000000 1000000
1000000 1000000
1000000 1000000
1000000 1000000
1000000 1000000
1000000 1000000
1000000 1000000
1000000 1000000
1000000 1000000
1000000 1000000
4 3
113959 128919
563043 26093
161594 90916
208846 70346
9 5
161029 437326
31512 45949
582566 179665
570 63672
511595 538692
759498 1137
142432 221502
264613 642943
596187 930040
7 4
19737 865592
59942 285012
46371 368424
72488 235683
76024 224721
262769 65016
115362 148092
4 3
59942 679644
86428 471366
48546 839188
83979 485112
2 1
237166 44
29608 2951
5 2
3692 365218
15942 71
15859 96
3804 307082
3327 385406
4 3
3618 373790
3066 327621
3719 314590
12999 75
6 4
3553 300438
15246 4
3301 352616
3716 306726
3309 353782
12585 8
2 1
897286 566888
442000 620109
4 3
393186 841893
8965 79269
946864 605459
420448 485198
3 1
18547 57
3215 363050
3585 326301
2 1
915850 205029
280351 953443
10 2
129344 237358
195715 156865
83716 366726
163695 187549
772348 39750
114528 268064
596179 51496
84749 362256
697350 44025
33536 915459
6 4
205282 91908
74648 252747
211761 89096
643356 29326
26381 715176
195822 96348
5 3
17529 39
3225 347850
3546 352784
19845 83
3848 316929
6 2
3211 305708
15569 36
15622 51
3825 341575
3493 386458
3892 326230
3 2
27990 2717
23906 2631
255244 88
8 5
223280 61
29595 2094
216728 87
21398 2831
25439 2859
27806 2287
22036 2041
26851 2371
7 4
29304 291669
52836 161766
184212 46398
138159 61864
18088 472527
11951 715176
34314 249084
5 2
501735 79838
966989 41425
112227 356933
187784 213317
508654 78752
5 2
618085 258996
680677 692130
935165 495706
128232 52716
749558 66466
9 3
218688 68
244374 30
27996 2869
24177 2763
20497 2090
25128 2731
27518 2720
22717 2457
29491 2040
7 1
174097 331149
386043 149341
137223 420134
655927 87894
334494 172356
102449 562739
233258 247160
2 1
782667 34613
528443 663775
6 1
3076 310256
3781 309156
12142 66
3886 350075
3067 307970
18809 33
8 4
267624 89
26077 2723
243443 100
23898 2404
21428 2950
20473 2414
25767 2375
26295 2896
2 1
312486 297373
92345 22030
